3977239766
4264818938
4254062674
4262185162
4278966482
3960199378
3959146690
4278438090
4259047650
4157065418
4286053502
4285266034
3985628246
4280282342
4288403546
4249868370
4126670078
4219193410
4251446382
3950757954
4288665690
4259309794
4014458954
4017092722
3951810642
3958634746
4023377110
4158119134
3990083802
4149729370
4130339058
4288407650
4116703330
4019181650
4117227626
3954440314
4016830578
4013935686
4148677710
4221561958
3950246010
4227594490
4227582146
4286826570
4264294642
4246464738
4116175966
4225227998
4226541802
4258257106
4156541122
4291283146
4114597954
3991399662
4254853218
4152870986
4229945562
4015249498
3954179190
4287613002
4215786574
4119844946
4290758850
4130864382
4024690922
3987205230
3992701122
4023113938
4129286370
4248829182
4094150858
4224436426
4025481458
4016041062
4286052474
3976976594
3962829050
4157594838
4292336862
3994278106
4020496490
4246989034
4125092066
4019182678
4095731938
4113033450
4264556786
3977764062
4113561842
4245936346
4282895438
3990346974
4114086138
3947879510
4260887806
4111456466
3984575558
4122475646
4257204418
4127705290
4023638234
4120370270
4224703702
4228892874
4122986690
4221033566
4228634834
4246726882
4025219314
4290246778
3995593966
4152346690
4287088714
4228106442
4021549178
4019443802
4215262278
4247776494
4012899574
3961776362
4015777890
4145011926
4279753950
4285528178
4281067754
4019705946
4291812566
4249077834
4153400406
4218420342
4219468926
4227070202
4279229654
4113562870
4248304894
4282371142
4122474618
4095732966
4260363510
4218416238
4223912138
3985099854
4246722778
4217628778
4257216634
4256693374
4127180994
4246723806
4013934658
3960723674
4217363550
4293912810
4018391114
4220509270
4118792258
4280015066
4294179066
3946826822
4286564418
4283422802
4262451410
4292860122
4216310862
3955739854
4282894410
4116174938
3981958238
4288670822
4257994962
3980642378
3978029282
4264029422
4284737642
4254324826
4024428770
4291807434
4255115362
4261399750
4018654286
4248553538
4130863354
4287618134
4226545906
4121421930
4253023358
4011318494
4149730398
3985365074
4247780598
4022848718
4245671118
4010794198
4229950694
4130340086
3959670986
4286314618
4217104482
4256169078
4115651670
4129811694
4278962378
4289719406
4294442238
4245412050
4281596154
3960986846
4124563674
3981695066
3948140634
4293654770
4289984634
4291021002
4253535310
3948403806
3951282250
4231527678
4284213346
4129810666
4261412094
4256954490
4160223482
3952863330
4224964826
4287350858
4251970670
4017093750
4247775466
4147116274
3949984886
3957320934
4294703354
3953126502
4016040034
4222351474
4285261930
4022324422
4157066446
4013423870
4255901802
4294691010
4016302186
3957582058
4223400058
4222875770
4258258134
3962039534
4257729742
3949456494
4281071858
4125617390
3960462550
4095204574
4128757978
4255640686
4285529206
4263241954
4250917982
4111981790
4289460338
4285000814
3953916018
4294953154
4224175310
4260359406
3951021126
4125616362
4250393694
4217100378
4147640570
4150258790
3989294286
4121951350
4146063586
4265606398
4294441210
4293650666
4256164974
3979606266
4021288054
3988506818
4250658914
4021811322
4218944638
4231788794
4144483534
4284999786
4222347370
4156542150
4291284174
3984063614
4018129990
4286302274
3957057762
4248815682
3953387626
4259306718
3978292454
4156030078
4249865294
4014988374
4125093094
4259835118
4094680278
4229422302
4145010898
4121422958
4216576090
4160735426
4255112286
4158647526
4216047690
3981170770
4223651014
4264553710
4096785654
4293126378
4221294682
3990612194
4020235366
4226809078
4293916914
4249341006
4230736106
4012371182
4155504754
3995859186
4257466570
3986417762
3982486630
4144482506
4283684954
4278701262
3983800442
4287354962
4284475490
4018919506
4290759878
4258254030
4223138942
4151310450
4287089742
4226017514
4148153414
4265082110
3949193322
4263501022
4247252206
4291545290
4254059598
3989559506
3952073814
4259310822
4228898006
3952334938
4120898662
4216051794
4229683418
3961515238
4257217662
4220241994
4288666718
4253800530
3982747754
3947087946
4219456582
4281334002
3994806498
3958373622
4250916954
4263504098
4244883658
4289722482
3950509182
4256942274
4260358378
4159699186
4253272138
4283160658
4011846886
4150257762
4231264506
4265605370
4252235898
4262448334
3956268246
4225493218
3976448202
4152347718
4251711602
4014987346
4246727910
4228630730
3993753810
4122987718
4254849114
4251973746
3984312386
3956529370
4250130522
4255116390
4281330926
4253009986
4126144754
4259305690
4249864266
3959934158
4149205074
3958897918
3986152542
4262189266
4150783086
4289195118
3980381254
4255111258
4158646498
4117228654
3980905550
3992189178
3954703486
3981433942
4286565446
4096784626
4153924702
4252747842
4260624634
4020234338
4116704358
4159170794
4151834746
4016565358
3987994746
4264290538
4227857662
4151311478
3948932198
4014196810
4017618046
4261136578
4264557814
4129287398
4150782058
4221298786
4264552682
4283947098
4293917942
4022323394
4226804974
4015512670
4258253002
4293389550
4120369242
3956005074
4160224510
4221823082
4282370114
3955215558
4225752286
4263499994
4228369614
4251183210
4117756018
4280019170
4254058570
4290771066
4094151886
4258782430
4115122250
3987470450
4097309950
4154977390
4110928074
3991136490
4126145782
4224699598
3992964294
4229949666
4282383614
4123512014
3982223458
4010265806
3989822678
4146587882
3986942058
4227333374
4124564702
4248566010
3990875366
4293388522
4128233682
3947616338
4124039378
4024954094
4154976362
4026518726
4284209242
3996122358
4017617018
4217891950
4026006782
4014459982
3994016982
4256163946
4013672514
4026255554
4147641598
4258519258
4019706974
4262447306
4126669050
4228896978
4159700214
4095203546
4290508922
4280543466
4018128962
3983276146
4284476518
4111457494
4246199518
3985889370
4254063702
3994541278
3979345142
4285524074
4215523402
4119845974
4254587998
4263766250
3961252066
4247513322
4012636402
4026005754
4292073690
4016564330
4024429798
4292864226
4096257262
4219205754
4261411066
4154452066
4289194090
4283156554
4160736454
3979081970
4156029050
4217367654
4282632266
3995330794
3989031114
3951545422
4218153066
4218681466
4026517698
4280278238
4231002354
4147117302
4281859326
4262713562
3978816750
3984836682
4224440530
3959409862
4246460634
4155505782
4112510182
4245675222
3991664882
3996646654
4227845318
4279225550
4292602082
4015511642
4021287026
4214999106
3983539318
4011583714
3991928054
4024953066
4287614030
4261660874
4279490778
4120897634
4279228626
4280281314
4291549394
3996383482
4288931946
4020758634
4286577790
4115650642
4282382586
4288669794
4222614646
4294954182
3979869438
4022585546
4287879258
4282107970
4251974774
4222086254
3993225418
4252760186
4260100338
3980118082
4158118106
4251969642
4148152386
4256430202
4245407946
4281335030
4010531026
4118280314
4023900378
4148676682
4115123278
4290247806
4145536222
4253796426
4153923674
4287617106
4294966526
3957845230
3988769990
4285525102
4117757046
4248041722
4281329898
4247779570
3963092222
4261148922
4223663230
4286576762
4251707498
4248828154
3949721714
4247517426
4145535194
4025743610
3953650798
4230740210
4157593810
4292335834
4022847690
4282120442
4255905906
4023376082
4230211818
3993488590
4289456234
3978553578
4216839262
4284471386
4114598982
4018653258
4284472414
4280277210
3988257918
3977500890
4293913838
4283418698
4159171822
4114087166
4128759006
4250654810
4020759662
4250922086
4110929102
4112509154
4232051966
3955476682
4260096234
4222610542
4013160698
3987733622
4149206102
4283948126
3948669026
3962567926
4265343226
4010002634
4021024882
4119316554
4022061250
4226280686
4253022330
4252499070
4291811538
4263505126
4292861150
4153399378
4288141402
4283419726
4292865254
4249869398
4279224522
4216314966
4245674194
4127182022
4259043546
4221557854
4113034478
4261924046
4249602122
4146588910
4014725202
4220246098
4289723510
4230999278
4219980878
4128234710
4262976734
4289718378
4127706318
4219717706
4249606226
4012108010
3986680934
4245670090
4245146830
4250921058
4257205446
3962304754
4288142430
4118793286
4283423830
4019972194
4151835774
4094679250
4294965498
4225489114
4291808462
4225756390
4124040406
4097308922
3983010926
4017866818
4248816710
4261398722
4025482486
4255377514
4229946590
4119317582
4257990858
4220505166
4011055322
3952598110
3956792542
4220770394
4096256234
3946563650
4259571946
4229159130
4263237850
3995069670
4285790330
4146064614
4280806638
4292597978
4111980762
4152872014
4021812350
4256168050
3947351118
4223387842
4262452438
4154453094
4229687522
4123510986
3958110450
4118281342
4023901406
4253011014
4260362482
4231003382
3976711374
4230998250
4218157170
4024166626
4230474990
4232050938
4017354874
4228893902
4290772094
4290496706
4121950322
3992452350
3954952386
